401 N?????B?pc@hrM{L^w? 15 33 -1
0 12
0 13
0 14
1 12
1 13
1 14
2 10
2 13
2 14
3 10
3 13
3 14
4 11
4 12
4 14
5 11
5 12
5 14
6 8
6 9
6 10
6 14
7 8
7 9
7 11
7 14
8 12
8 13
9 12
9 13
10 11
10 12
11 13
1676 N????[UJ_{YIyGwY^o? 15 37 -1
0 11
0 12
0 13
0 14
1 11
1 12
1 13
1 14
2 9
2 12
2 13
2 14
3 8
3 10
3 11
3 14
4 7
4 9
4 10
4 12
4 14
5 7
5 8
5 9
5 10
5 14
6 7
6 8
6 9
6 10
6 14
7 11
7 13
8 12
8 13
9 11
10 13
6132 N??Gp?@HKEidUShg~C? 15 34 -1
0 10
0 13
0 14
1 11
1 12
1 14
2 7
2 9
2 13
2 14
3 6
3 11
3 12
3 14
4 5
4 6
4 12
4 14
5 9
5 11
5 13
6 10
6 13
7 8
7 10
7 12
8 9
8 11
8 13
8 14
9 10
9 12
10 11
12 13
10116 N?DB?GBLHaHDbIasUG_ 15 33 -1
0 12
0 13
0 14
1 5
1 6
1 11
2 6
2 9
2 10
2 14
3 4
3 9
3 10
3 14
4 11
4 12
4 13
5 7
5 9
5 12
6 8
6 13
7 8
7 10
7 13
7 14
8 9
8 11
8 12
9 13
10 11
10 12
11 14
19269 NsaCB`o[?^`}B{^_No? 15 45 -1
0 1
0 2
0 3
0 4
0 5
0 6
1 7
1 8
1 9
1 13
1 14
2 7
2 8
2 9
2 13
2 14
3 7
3 8
3 9
3 13
3 14
4 10
4 11
4 12
4 13
4 14
5 10
5 11
5 12
5 13
5 14
6 10
6 11
6 12
6 13
6 14
7 10
7 11
7 12
8 10
8 11
8 12
9 10
9 11
9 12
8814 N?BDCaGWYdHWLHJQBq? 15 35 -1
0 5
0 6
0 7
0 8
1 5
1 9
1 10
1 11
2 6
2 9
2 12
2 13
3 7
3 10
3 12
3 14
4 8
4 11
4 13
4 14
5 12
5 13
5 14
6 10
6 11
6 14
7 9
7 11
7 13
8 9
8 10
8 12
9 14
10 13
11 12
9965 N?CaGgJB?csYpIyQ]E? 15 36 -1
0 11
0 12
0 13
0 14
1 6
1 12
1 13
1 14
2 5
2 11
2 13
2 14
3 4
3 7
3 10
3 14
4 8
4 9
4 13
5 6
5 7
5 9
5 12
6 8
6 10
6 11
7 8
7 11
7 13
8 12
8 14
9 10
9 11
9 14
10 12
10 13
8600 N?ACALEm\rVK^_^_No? 15 44 -1
0 5
0 6
0 9
0 10
0 11
1 7
1 8
1 12
1 13
1 14
2 9
2 10
2 11
2 12
2 13
2 14
3 9
3 10
3 11
3 12
3 13
3 14
4 9
4 10
4 11
4 12
4 13
4 14
5 7
5 8
5 12
5 13
5 14
6 7
6 8
6 12
6 13
6 14
7 9
7 10
7 11
8 9
8 10
8 11
19082 NqMC@@?PPD`UDRBwA{? 15 35 -1
0 1
0 2
0 5
0 6
1 3
1 8
1 9
2 4
2 7
2 10
3 4
3 12
3 14
4 11
4 13
5 9
5 12
5 13
5 14
6 10
6 11
6 13
6 14
7 9
7 12
7 13
7 14
8 10
8 11
8 13
8 14
9 10
9 11
10 12
11 12
1292 N????KEWOprqxa}W^K? 15 37 -1
0 11
0 12
0 13
0 14
1 9
1 12
1 13
1 14
2 9
2 12
2 13
2 14
3 10
3 11
3 13
3 14
4 10
4 11
4 13
4 14
5 7
5 8
5 11
5 12
6 7
6 8
6 11
6 12
7 9
7 13
7 14
8 10
8 13
8 14
9 10
9 11
10 12
1301 N????KEoXrFKNcpb^o? 15 37 -1
0 9
0 13
0 14
1 9
1 13
1 14
2 10
2 11
2 12
2 14
3 10
3 11
3 12
3 14
4 10
4 11
4 12
4 14
5 7
5 8
5 12
5 13
5 14
6 7
6 8
6 12
6 13
6 14
7 9
7 10
7 11
8 9
8 10
8 11
9 12
10 13
11 13
1352 N????KUFECdL}Ow[^o? 15 36 -1
0 10
0 12
0 13
0 14
1 10
1 12
1 13
1 14
2 11
2 12
2 13
2 14
3 8
3 9
3 12
3 14
4 9
4 11
4 12
4 14
5 7
5 8
5 9
5 14
6 7
6 8
6 10
6 14
7 11
7 12
7 13
8 11
8 13
9 10
9 13
10 11
1355 N????KWHg{ZIwYwY^o? 15 37 -1
0 11
0 12
0 13
0 14
1 11
1 12
1 13
1 14
2 9
2 12
2 13
2 14
3 8
3 10
3 11
3 14
4 8
4 10
4 11
4 14
5 7
5 9
5 10
5 14
6 7
6 9
6 10
6 14
7 11
7 12
7 13
8 9
8 12
8 13
9 11
10 12
10 13
964 N????B~~v}^w~o~o^w? 15 56 -1
0 8
0 9
0 10
0 11
0 12
0 13
0 14
1 8
1 9
1 10
1 11
1 12
1 13
1 14
2 8
2 9
2 10
2 11
2 12
2 13
2 14
3 8
3 9
3 10
3 11
3 12
3 13
3 14
4 8
4 9
4 10
4 11
4 12
4 13
4 14
5 8
5 9
5 10
5 11
5 12
5 13
5 14
6 8
6 9
6 10
6 11
6 12
6 13
6 14
7 8
7 9
7 10
7 11
7 12
7 13
7 14
333 N??????~~~^{~w~w^{? 15 54 -1
0 9
0 10
0 11
0 12
0 13
0 14
1 9
1 10
1 11
1 12
1 13
1 14
2 9
2 10
2 11
2 12
2 13
2 14
3 9
3 10
3 11
3 12
3 13
3 14
4 9
4 10
4 11
4 12
4 13
4 14
5 9
5 10
5 11
5 12
5 13
5 14
6 9
6 10
6 11
6 12
6 13
6 14
7 9
7 10
7 11
7 12
7 13
7 14
8 9
8 10
8 11
8 12
8 13
8 14
15071 NCaCCA?^z~N{^w^wN{? 15 54 -1
0 3
0 4
0 5
0 6
0 7
0 8
1 9
1 10
1 11
1 12
1 13
1 14
2 9
2 10
2 11
2 12
2 13
2 14
3 9
3 10
3 11
3 12
3 13
3 14
4 9
4 10
4 11
4 12
4 13
4 14
5 9
5 10
5 11
5 12
5 13
5 14
6 9
6 10
6 11
6 12
6 13
6 14
7 9
7 10
7 11
7 12
7 13
7 14
8 9
8 10
8 11
8 12
8 13
8 14
132 N???????F~~}~{~{^}? 15 50 -1
0 10
0 11
0 12
0 13
0 14
1 10
1 11
1 12
1 13
1 14
2 10
2 11
2 12
2 13
2 14
3 10
3 11
3 12
3 13
3 14
4 10
4 11
4 12
4 13
4 14
5 10
5 11
5 12
5 13
5 14
6 10
6 11
6 12
6 13
6 14
7 10
7 11
7 12
7 13
7 14
8 10
8 11
8 12
8 13
8 14
9 10
9 11
9 12
9 13
9 14
314 N??????v|~N{~w~w^{? 15 51 -1
0 9
0 10
0 12
0 13
0 14
1 9
1 11
1 12
1 13
1 14
2 10
2 11
2 12
2 13
2 14
3 9
3 10
3 11
3 12
3 13
3 14
4 9
4 10
4 11
4 12
4 13
4 14
5 9
5 10
5 11
5 12
5 13
5 14
6 9
6 10
6 11
6 12
6 13
6 14
7 9
7 10
7 11
7 12
7 13
7 14
8 9
8 10
8 11
8 12
8 13
8 14
326 N??????z}~V{^w~w^{? 15 50 -1
0 9
0 10
0 11
0 13
0 14
1 9
1 10
1 12
1 13
1 14
2 9
2 11
2 12
2 13
2 14
3 10
3 11
3 12
3 13
3 14
4 9
4 10
4 11
4 12
4 13
4 14
5 9
5 10
5 11
5 12
5 13
5 14
6 9
6 10
6 11
6 12
6 13
6 14
7 9
7 10
7 11
7 12
7 13
7 14
8 9
8 10
8 11
8 12
8 13
8 14
2368 N???CA?~b~N{^w^wN{? 15 49 -1
0 7
0 8
0 9
1 9
1 10
1 11
1 12
1 13
1 14
2 9
2 10
2 11
2 12
2 13
2 14
3 9
3 10
3 11
3 12
3 13
3 14
4 9
4 10
4 11
4 12
4 13
4 14
5 9
5 10
5 11
5 12
5 13
5 14
6 9
6 10
6 11
6 12
6 13
6 14
7 10
7 11
7 12
7 13
7 14
8 10
8 11
8 12
8 13
8 14
264 N??????N|~N{zwvw^{? 15 48 -1
0 10
0 12
0 13
0 14
1 11
1 12
1 13
1 14
2 9
2 10
2 11
2 12
2 14
3 9
3 10
3 11
3 13
3 14
4 9
4 10
4 11
4 12
4 13
4 14
5 9
5 10
5 11
5 12
5 13
5 14
6 9
6 10
6 11
6 12
6 13
6 14
7 9
7 10
7 11
7 12
7 13
7 14
8 9
8 10
8 11
8 12
8 13
8 14
254 N??????F~NN{^w~w^{? 15 47 -1
0 10
0 13
0 14
1 10
1 11
1 12
1 13
1 14
2 10
2 11
2 12
2 13
2 14
3 9
3 11
3 12
3 13
3 14
4 9
4 11
4 12
4 13
4 14
5 9
5 10
5 11
5 12
5 13
5 14
6 9
6 10
6 11
6 12
6 13
6 14
7 9
7 10
7 11
7 12
7 13
7 14
8 9
8 10
8 11
8 12
8 13
8 14
900 N????B?Nx~F{Nw~o^w? 15 46 -1
0 8
0 13
0 14
1 8
1 13
1 14
2 9
2 10
2 11
2 12
2 13
2 14
3 9
3 10
3 11
3 12
3 13
3 14
4 9
4 10
4 11
4 12
4 13
4 14
5 9
5 10
5 11
5 12
5 13
5 14
6 9
6 10
6 11
6 12
6 13
6 14
7 9
7 10
7 11
7 12
7 13
7 14
8 9
8 10
8 11
8 12
275 N??????_C?^{^}^}N~? 15 41 -1
0 9
0 10
0 11
1 11
1 12
1 13
1 14
2 11
2 12
2 13
2 14
3 11
3 12
3 13
3 14
4 11
4 12
4 13
4 14
5 11
5 12
5 13
5 14
6 11
6 12
6 13
6 14
7 11
7 12
7 13
7 14
8 11
8 12
8 13
8 14
9 12
9 13
9 14
10 12
10 13
10 14
108 N???????CFn`~{~{^}? 15 41 -1
0 10
0 12
0 13
0 14
1 11
1 12
1 13
1 14
2 11
2 12
2 13
2 14
3 11
3 12
3 13
3 14
4 11
4 12
4 13
4 14
5 11
5 12
5 13
5 14
6 10
6 12
6 13
6 14
7 10
7 12
7 13
7 14
8 10
8 12
8 13
8 14
9 10
9 12
9 13
9 14
10 11
82 N????????F~`~{~{^}? 15 41 -1
0 11
0 12
0 13
0 14
1 11
1 12
1 13
1 14
2 11
2 12
2 13
2 14
3 11
3 12
3 13
3 14
4 11
4 12
4 13
4 14
5 11
5 12
5 13
5 14
6 10
6 12
6 13
6 14
7 10
7 12
7 13
7 14
8 10
8 12
8 13
8 14
9 10
9 12
9 13
9 14
10 11
120 N???????F?B~F}~{^}? 15 39 -1
0 10
0 13
0 14
1 10
1 13
1 14
2 10
2 13
2 14
3 11
3 12
3 13
3 14
4 11
4 12
4 13
4 14
5 11
5 12
5 13
5 14
6 11
6 12
6 13
6 14
7 11
7 12
7 13
7 14
8 11
8 12
8 13
8 14
9 11
9 12
9 13
9 14
10 11
10 12
89 N????????N_}}B~{^}? 15 37 -1
0 12
0 13
0 14
1 12
1 13
1 14
2 12
2 13
2 14
3 12
3 13
3 14
4 12
4 13
4 14
5 10
5 11
5 13
5 14
6 10
6 11
6 13
6 14
7 10
7 11
7 13
7 14
8 10
8 11
8 13
8 14
9 10
9 11
9 13
9 14
10 12
11 12
398 N?????B?oqBewbxM^w? 15 33 -1
0 12
0 13
0 14
1 12
1 13
1 14
2 12
2 13
2 14
3 10
3 11
3 14
4 10
4 11
4 14
5 11
5 13
5 14
6 8
6 9
6 12
6 14
7 8
7 9
7 10
7 14
8 11
8 13
9 11
9 13
10 12
10 13
11 12
148 N???????WB@r{X~e^{? 15 34 -1
0 12
0 13
0 14
1 12
1 13
1 14
2 12
2 13
2 14
3 12
3 13
3 14
4 11
4 13
4 14
5 11
5 13
5 14
6 11
6 13
6 14
7 9
7 10
7 12
7 14
8 9
8 10
8 12
8 14
9 11
9 13
10 11
10 13
11 12
78 N????????F_]~B~B^}? 15 34 -1
0 12
0 13
0 14
1 12
1 13
1 14
2 12
2 13
2 14
3 12
3 13
3 14
4 12
4 13
4 14
5 12
5 13
5 14
6 10
6 11
6 14
7 10
7 11
7 14
8 10
8 11
8 14
9 10
9 11
9 14
10 12
10 13
11 12
11 13
56 N????????B_E~p~b^}? 15 33 -1
0 12
0 13
0 14
1 12
1 13
1 14
2 12
2 13
2 14
3 12
3 13
3 14
4 12
4 13
4 14
5 12
5 13
5 14
6 12
6 13
6 14
7 10
7 12
7 14
8 10
8 11
8 14
9 10
9 11
9 14
10 13
11 12
11 13
15 N??????????F?M~p~~? 15 27 -1
0 13
0 14
1 13
1 14
2 13
2 14
3 13
3 14
4 13
4 14
5 13
5 14
6 13
6 14
7 13
7 14
8 11
8 12
8 14
9 11
9 12
9 14
10 11
10 12
10 14
11 13
12 13
0 N???????????_^^_~~_ 15 25 -1
0 12
0 14
1 13
1 14
2 13
2 14
3 13
3 14
4 13
4 14
5 13
5 14
6 13
6 14
7 12
7 14
8 12
8 14
9 12
9 14
10 12
10 14
11 12
11 14
12 13
2564 N???EMwPiLFJMU~_^o? 15 42 -1
0 7
0 8
0 13
0 14
1 7
1 9
1 10
1 13
1 14
2 8
2 11
2 12
2 13
2 14
3 8
3 11
3 12
3 13
3 14
4 8
4 11
4 12
4 13
4 14
5 7
5 9
5 10
5 13
5 14
6 7
6 9
6 10
6 13
6 14
7 11
7 12
8 9
8 10
9 11
9 12
10 11
10 12
2282 N???BqFMHpNopepe^o? 15 41 -1
0 8
0 12
0 13
0 14
1 7
1 11
1 12
1 13
1 14
2 7
2 9
2 10
2 11
2 14
3 7
3 9
3 10
3 11
3 14
4 7
4 9
4 10
4 11
4 14
5 8
5 11
5 12
5 13
5 14
6 8
6 11
6 12
6 13
6 14
7 8
8 9
8 10
9 12
9 13
10 12
10 13
2134 N???@xaFGxVoouwe^o? 15 40 -1
0 11
0 12
0 13
0 14
1 8
1 12
1 13
1 14
2 7
2 8
2 11
2 13
2 14
3 7
3 9
3 10
3 11
3 14
4 7
4 9
4 10
4 11
4 14
5 7
5 9
5 10
5 11
5 14
6 8
6 11
6 12
6 13
6 14
7 12
8 9
8 10
9 12
9 13
10 12
10 13
1649 N????[MBf{^o{[{[]M? 15 44 -1
0 10
0 11
0 12
0 13
0 14
1 10
1 11
1 12
1 13
1 14
2 10
2 11
2 12
2 13
2 14
3 10
3 11
3 12
3 13
3 14
4 7
4 8
4 9
4 10
4 11
5 7
5 8
5 9
5 10
5 11
6 7
6 8
6 9
6 10
6 11
7 12
7 13
7 14
8 12
8 13
8 14
9 12
9 13
9 14
614 N?????NBo]]F{M~o^w? 15 42 -1
0 11
0 12
0 13
0 14
1 11
1 12
1 13
1 14
2 11
2 12
2 13
2 14
3 11
3 12
3 13
3 14
4 8
4 9
4 10
4 13
4 14
5 8
5 9
5 10
5 13
5 14
6 8
6 9
6 10
6 13
6 14
7 8
7 9
7 10
7 13
7 14
8 11
8 12
9 11
9 12
10 11
10 12
1290 N????KEQXbXplc~_^K? 15 38 -1
0 11
0 12
0 13
0 14
1 9
1 11
1 13
1 14
2 10
2 12
2 13
2 14
3 10
3 12
3 13
3 14
4 9
4 11
4 13
4 14
5 7
5 8
5 11
5 12
5 13
6 7
6 8
6 11
6 12
6 13
7 9
7 10
7 14
8 9
8 10
8 14
9 12
10 11
